version = 'MMult0';
MY_MMult = [
40 2.373048e+012 0.000000e+000 
80 4.491228e+000 0.000000e+000 
120 1.225999e+014 0.000000e+000 
160 -9.328131e+014 0.000000e+000 
200 -4.222431e+014 0.000000e+000 
240 2.508438e+000 0.000000e+000 
280 2.602490e+000 0.000000e+000 
320 2.454624e+000 0.000000e+000 
360 2.255875e+000 0.000000e+000 
400 2.243725e+000 0.000000e+000 
440 2.299784e+000 0.000000e+000 
480 2.074683e+000 0.000000e+000 
520 2.127748e+000 0.000000e+000 
560 2.217360e+000 0.000000e+000 
600 2.173672e+000 0.000000e+000 
640 2.272616e+000 0.000000e+000 
680 2.116739e+000 0.000000e+000 
720 2.151304e+000 0.000000e+000 
760 2.073679e+000 0.000000e+000 
800 2.100048e+000 0.000000e+000 
];
