version = 'MMult1';
MY_MMult = [
40 -9.046679e+012 0.000000e+000 
80 -7.237343e+013 0.000000e+000 
120 -1.266176e+014 0.000000e+000 
160 -3.001305e+014 0.000000e+000 
200 6.320084e+014 0.000000e+000 
240 5.795632e+015 0.000000e+000 
280 2.798572e+000 0.000000e+000 
320 1.978624e+000 0.000000e+000 
360 2.957779e+000 0.000000e+000 
400 1.949644e+000 0.000000e+000 
440 2.319668e+000 0.000000e+000 
480 2.267972e+000 0.000000e+000 
520 1.987462e+000 0.000000e+000 
560 2.234258e+000 0.000000e+000 
600 2.212650e+000 0.000000e+000 
640 2.249343e+000 0.000000e+000 
680 2.121201e+000 0.000000e+000 
720 2.254219e+000 0.000000e+000 
760 2.140308e+000 0.000000e+000 
800 2.138417e+000 0.000000e+000 
];
